SLC 36.30 53.92 64.24 72.94 99.90 64.14 81.44 113.63 120.59 
Arjuna 36.90 55.07 65.52 72.38 97.61 61.18 78.91 112.47 116.82 
Arun-Condensate 37.40 54.62 64.85 72.94 94.27 60.33 78.76 109.02 111.28 
Attaka 37.60 57.51 67.59 75.69 101.03 62.74 80.75 114.38 119.24 
Cinta 35.00 51.81 61.77 70.33 94.58 59.74 77.02 110.50 118.10 
Duri 30.40 46.62 54.93 59.89 84.57 55.12 75.07 107.57 117.19 
Handil-Mix 37.10 55.23 65.67 72.53 97.77 61.33 79.06 112.62 116.97 
Lalang 36.40 53.13 64.29 72.99 99.95 64.19 81.49 113.68 120.59 
Widuri 35.00 51.19 61.94 70.41 94.98 59.72 77.12 110.55 118.49 
Belida 37.30 56.54 67.56 75.71 101.05 62.30 80.75 114.14 119.42 
Senipah-Condensate 39.95 54.62 65.57 73.03 94.27 60.33 78.76 109.02 111.28 
